0 0.425801 0.435958 0.038242 0.036139
0 0.635223 0.557438 0.058961 0.051931
0 0.772852 0.652861 0.078312 0.090583
0 0.814422 0.519597 0.059906 0.057917
0 0.768801 0.568944 0.067367 0.067306
0 0.608117 0.889674 0.110719 0.182292
0 0.686523 0.742688 0.090188 0.116347
0 0.497332 0.481389 0.042758 0.038750
0 0.965617 0.707667 0.064375 0.065278
0 0.193496 0.397444 0.013805 0.019333
0 0.239098 0.408979 0.021961 0.019708
0 0.266969 0.409160 0.017047 0.019347
0 0.317746 0.404236 0.023430 0.017667
0 0.395852 0.446618 0.033281 0.029042
0 0.595328 0.467354 0.032563 0.044347
0 0.478332 0.612514 0.060914 0.084389
0 0.377730 0.619715 0.057992 0.098208
0 0.306254 0.470514 0.035945 0.040611
0 0.273332 0.489028 0.032586 0.044194
0 0.238730 0.532924 0.035945 0.047181
0 0.274461 0.704722 0.059984 0.090000
0 0.271273 0.825833 0.079172 0.144167
0 0.463355 0.950951 0.112961 0.098097
0 0.326355 0.421979 0.034852 0.025625
0 0.554734 0.467042 0.053188 0.056667
0 0.759875 0.403924 0.031344 0.039653
