0 0.240484 0.466326 0.041906 0.049708
0 0.866848 0.720812 0.096039 0.097514
0 0.267316 0.539250 0.040164 0.069194
0 0.502387 0.554028 0.049195 0.056472
0 0.396125 0.691528 0.059344 0.093444
0 0.289469 0.501903 0.037484 0.041806
0 0.560852 0.510090 0.048672 0.048569
0 0.620637 0.552083 0.052273 0.052500
0 0.651211 0.520139 0.050078 0.042778
0 0.742855 0.561111 0.055695 0.054778
0 0.773078 0.539403 0.054031 0.048500
0 0.732695 0.621042 0.068672 0.070417
0 0.206641 0.485139 0.030000 0.053889
0 0.452418 0.958528 0.120195 0.082944
0 0.662762 0.494479 0.046648 0.030069
0 0.427895 0.502771 0.042727 0.048958
0 0.367281 0.511076 0.043375 0.054708
0 0.221488 0.418389 0.031586 0.041083
0 0.347277 0.433875 0.033398 0.031194
0 0.438719 0.443535 0.032750 0.034736
0 0.506492 0.445056 0.119281 0.131083
