0 0.433895 0.899333 0.102898 0.197528
0 0.343965 0.493090 0.037633 0.036014
0 0.194770 0.475514 0.008445 0.035167
0 0.294996 0.466715 0.041008 0.047597
0 0.250973 0.403889 0.028227 0.026583
0 0.231797 0.398528 0.014953 0.016722
0 0.190059 0.396597 0.018320 0.022306
0 0.632738 0.561507 0.051414 0.050625
0 0.423809 0.421687 0.037070 0.034153
0 0.985582 0.636264 0.028383 0.087583
0 0.307656 0.529375 0.041406 0.066528
0 0.238355 0.521167 0.037664 0.063167
0 0.382117 0.625715 0.050766 0.074208
0 0.333352 0.428611 0.027828 0.027778
0 0.664180 0.518257 0.051641 0.052347
0 0.858711 0.702424 0.098828 0.091264
0 0.273965 0.841049 0.085648 0.132653
0 0.853082 0.942514 0.107055 0.108250
0 0.830715 0.612056 0.071617 0.062139
0 0.507133 0.464465 0.040359 0.037986
0 0.341309 0.410993 0.026508 0.018903
0 0.567266 0.446646 0.040203 0.034597
0 0.560766 0.491611 0.041906 0.039972
0 0.597961 0.640326 0.068734 0.083764
