0 0.620520 0.448271 0.045977 0.038986
0 0.614125 0.505333 0.047063 0.051250
0 0.219375 0.934139 0.122781 0.131722
0 0.432078 0.948743 0.123641 0.102514
0 0.261969 0.544160 0.040750 0.056069
0 0.382820 0.484354 0.040750 0.043708
0 0.313742 0.476799 0.036563 0.034986
0 0.272988 0.408451 0.025398 0.023819
0 0.304527 0.403986 0.027633 0.021833
0 0.972113 0.720257 0.055773 0.091764
0 0.502848 0.649896 0.069930 0.107847
0 0.282715 0.652715 0.056102 0.099875
0 0.825617 0.553174 0.072453 0.071042
0 0.835090 0.689382 0.090305 0.084542
0 0.555629 0.460847 0.035242 0.038972
0 0.459570 0.470486 0.034609 0.037083
0 0.389844 0.431201 0.029375 0.023708
0 0.347266 0.436625 0.029063 0.022694
0 0.244348 0.468882 0.036148 0.045958
0 0.323090 0.526083 0.044758 0.074500
0 0.483047 0.458750 0.035469 0.031111
0 0.558180 0.776694 0.080359 0.121722
0 0.765852 0.603736 0.068687 0.072750
0 0.323508 0.420368 0.028750 0.023819
0 0.630062 0.480271 0.048578 0.040514
