0 0.397578 0.657521 0.069687 0.137236
0 0.840418 0.959729 0.047195 0.068264
0 0.282738 0.782111 0.078508 0.169556
0 0.936516 0.692208 0.085641 0.076556
0 0.979398 0.580125 0.041125 0.071694
0 0.447281 0.573403 0.053781 0.065833
0 0.610254 0.474090 0.050336 0.051625
0 0.929129 0.608486 0.083602 0.075306
0 0.676910 0.580743 0.062211 0.066819
0 0.522504 0.693181 0.066523 0.116250
0 0.682719 0.721694 0.086203 0.128083
0 0.811191 0.676153 0.085023 0.082917
0 0.590852 0.529813 0.049984 0.048931
0 0.660719 0.472181 0.048625 0.039083
0 0.676488 0.964965 0.106305 0.070069
0 0.546398 0.582507 0.070156 0.094347
0 0.286488 0.633292 0.045289 0.072778
0 0.274293 0.589417 0.038320 0.056250
0 0.330328 0.546063 0.043547 0.058319
0 0.236551 0.522319 0.036586 0.049028
0 0.341070 0.494444 0.038906 0.049028
0 0.345570 0.469931 0.033391 0.030972
0 0.239891 0.467861 0.035125 0.037167
0 0.262102 0.450319 0.038328 0.037167
0 0.201422 0.476903 0.028453 0.048000
0 0.212164 0.438444 0.031359 0.029944
0 0.189227 0.397924 0.021484 0.020125
0 0.235102 0.402576 0.028453 0.025292
0 0.262973 0.411604 0.023805 0.023736
0 0.313344 0.419861 0.025266 0.024778
0 0.390863 0.443347 0.032227 0.039750
0 0.377066 0.412368 0.022820 0.021653
0 0.442945 0.467132 0.036125 0.036597
0 0.471785 0.427431 0.043961 0.043306
0 0.499367 0.485299 0.047328 0.047542
0 0.536332 0.438632 0.036680 0.036347
