0 0.267227 0.587076 0.047422 0.076542
0 0.700340 0.598917 0.066695 0.071306
0 0.715336 0.513646 0.055375 0.059792
0 0.456187 0.604014 0.051344 0.077194
0 0.774734 0.870417 0.118641 0.148306
0 0.576258 0.483083 0.050875 0.052889
0 0.264246 0.394639 0.022680 0.016694
0 0.310012 0.404431 0.024461 0.023028
0 0.371738 0.408319 0.029320 0.025639
0 0.443258 0.462896 0.037906 0.038014
0 0.459215 0.450653 0.026086 0.034278
0 0.486836 0.434812 0.034344 0.041181
0 0.597402 0.468083 0.030617 0.036861
0 0.978938 0.599458 0.042125 0.157500
0 0.877773 0.645674 0.082687 0.071264
0 0.246949 0.907264 0.098727 0.153556
0 0.673844 0.962618 0.117391 0.074764
0 0.493930 0.554236 0.049047 0.058528
0 0.420363 0.544979 0.055758 0.065097
0 0.237102 0.521118 0.036578 0.050819
0 0.263031 0.483778 0.036125 0.040611
0 0.229746 0.451806 0.038555 0.035417
0 0.208441 0.401694 0.021867 0.025056
0 0.239301 0.408604 0.031758 0.026792
0 0.309660 0.423715 0.028492 0.027708
0 0.361801 0.435125 0.031711 0.026639
0 0.521520 0.653743 0.071336 0.110292
0 0.409402 0.675194 0.059086 0.113833
0 0.284801 0.690958 0.060633 0.132806
0 0.340656 0.542938 0.051359 0.061986
0 0.850840 0.694007 0.089523 0.083181
