0 0.301063 0.596229 0.042797 0.074347
0 0.544289 0.733528 0.073797 0.110306
0 0.737738 0.492535 0.051555 0.051847
0 0.294801 0.778486 0.075555 0.150000
0 0.747363 0.577972 0.068242 0.064361
0 0.250617 0.552285 0.038922 0.047069
0 0.918594 0.552847 0.071719 0.050694
0 0.390406 0.632903 0.088625 0.189333
0 0.733020 0.798736 0.113883 0.175500
0 0.911457 0.599972 0.083273 0.067861
0 0.431340 0.569583 0.032930 0.061750
0 0.431465 0.509882 0.047914 0.062819
0 0.371262 0.476750 0.036430 0.036139
0 0.261930 0.484604 0.034125 0.042375
0 0.260781 0.454056 0.032797 0.030750
0 0.288281 0.439854 0.037969 0.036375
0 0.401758 0.416583 0.029766 0.029556
0 0.259426 0.409681 0.028242 0.027333
0 0.211055 0.402618 0.020187 0.018403
0 0.331387 0.486528 0.037695 0.042778
0 0.195344 0.390958 0.020813 0.023139
0 0.322051 0.417250 0.041477 0.034167
0 0.292254 0.506646 0.039008 0.062097
0 0.328020 0.541375 0.038570 0.062972
0 0.508844 0.566375 0.054641 0.063167
0 0.897281 0.460250 0.070922 0.064389
