0 0.663371 0.969201 0.108367 0.061597
0 0.234719 0.923181 0.116797 0.153639
0 0.345453 0.422326 0.029719 0.022431
0 0.872367 0.931986 0.145891 0.136028
0 0.185758 0.394660 0.020391 0.018514
0 0.199305 0.450368 0.013250 0.030458
0 0.495520 0.629285 0.061305 0.101069
0 0.765586 0.640889 0.078516 0.087889
0 0.369816 0.591903 0.047555 0.068250
0 0.647723 0.563708 0.057633 0.057694
0 0.466598 0.446444 0.037117 0.038778
0 0.541184 0.503694 0.047945 0.050111
0 0.418516 0.432882 0.039844 0.032153
0 0.256461 0.478715 0.034266 0.043958
0 0.330953 0.481410 0.038391 0.040097
0 0.378777 0.477938 0.036867 0.033931
0 0.374434 0.519000 0.042508 0.051278
0 0.531129 0.584931 0.054867 0.066694
0 0.542188 0.460208 0.043156 0.041639
0 0.405223 0.413944 0.028648 0.022361
0 0.466383 0.420493 0.031687 0.020819
0 0.248867 0.446715 0.027766 0.030069
0 0.348629 0.401993 0.026898 0.020819
0 0.294305 0.417604 0.025375 0.023514
0 0.261336 0.415674 0.018438 0.021208
0 0.236289 0.401792 0.017781 0.019667
0 0.217422 0.406806 0.019953 0.016583
0 0.443539 0.502944 0.049437 0.066778
0 0.401004 0.677424 0.060992 0.114903
0 0.657918 0.699174 0.088586 0.113542
0 0.308668 0.521285 0.039961 0.057486
0 0.628617 0.510549 0.052250 0.047597
0 0.703902 0.503556 0.056852 0.056694
0 0.920125 0.651618 0.100234 0.102764
0 0.597602 0.826569 0.094047 0.139778
