0 0.613719 0.472854 0.036594 0.041819
0 0.481559 0.469722 0.038758 0.040278
0 0.584766 0.523979 0.046875 0.043792
0 0.455680 0.587201 0.058391 0.070347
0 0.274688 0.600625 0.042344 0.074028
0 0.777008 0.561993 0.082234 0.095264
0 0.847199 0.562396 0.067523 0.079153
0 0.779797 0.425819 0.034875 0.036583
0 0.814777 0.926090 0.154805 0.147819
0 0.432445 0.938528 0.139875 0.122944
0 0.386320 0.626479 0.060344 0.094069
0 0.718422 0.604090 0.064609 0.080347
0 0.528711 0.726479 0.068359 0.103097
0 0.452434 0.522222 0.044414 0.058889
0 0.345039 0.490549 0.042406 0.053542
0 0.212320 0.397493 0.025594 0.026319
0 0.184094 0.389236 0.019328 0.023194
0 0.248586 0.396375 0.025344 0.021417
0 0.373543 0.439208 0.030867 0.029444
0 0.407441 0.434521 0.030898 0.025431
0 0.257340 0.552563 0.038648 0.056208
0 0.264242 0.482736 0.037891 0.045056
0 0.575605 0.480167 0.052039 0.051056
0 0.479746 0.439000 0.033945 0.030611
0 0.303781 0.413299 0.024906 0.019597
