0 0.462227 0.521000 0.053984 0.063972
0 0.559309 0.453521 0.036383 0.040986
0 0.516773 0.434694 0.043109 0.038000
0 0.463820 0.452188 0.034297 0.034319
0 0.401684 0.450021 0.031867 0.033319
0 0.369996 0.442028 0.023227 0.024000
0 0.339922 0.419201 0.027922 0.020319
0 0.298590 0.405368 0.025867 0.020653
0 0.265406 0.414868 0.021344 0.018319
0 0.255387 0.403708 0.021555 0.022000
0 0.290973 0.503785 0.036961 0.049792
0 0.230711 0.467458 0.033422 0.033694
0 0.326859 0.539778 0.039562 0.062333
0 0.990824 0.642319 0.018023 0.057972
0 0.438078 0.582187 0.048578 0.062819
0 0.623305 0.679708 0.078016 0.101861
0 0.262273 0.898542 0.121719 0.191667
0 0.842543 0.615944 0.072773 0.069472
0 0.616543 0.497646 0.051570 0.059653
0 0.285625 0.625569 0.053938 0.103528
0 0.736105 0.518403 0.052773 0.050639
0 0.476270 0.632667 0.059898 0.081889
0 0.660914 0.469854 0.045734 0.039653
0 0.542543 0.583979 0.054914 0.078653
0 0.378910 0.512833 0.042930 0.061639
0 0.384531 0.485174 0.036172 0.039653
0 0.323992 0.448854 0.038422 0.042986
0 0.273102 0.464021 0.032609 0.035319
0 0.236457 0.443194 0.032055 0.026333
0 0.268695 0.436361 0.030547 0.026667
0 0.227270 0.407535 0.018180 0.020319
0 0.697602 0.538854 0.052141 0.056319
0 0.778199 0.649160 0.087352 0.104708
0 0.550887 0.474132 0.048383 0.051597
