0 0.386559 0.431535 0.028352 0.025347
0 0.363637 0.412382 0.023648 0.024486
0 0.341852 0.432826 0.027703 0.026208
0 0.300133 0.422889 0.024625 0.021889
0 0.281910 0.403021 0.023492 0.024764
0 0.651070 0.441813 0.122703 0.086681
0 0.962680 0.611257 0.074641 0.084431
0 0.257996 0.548889 0.040102 0.068056
0 0.802488 0.506889 0.067055 0.047667
0 0.570922 0.522889 0.045031 0.045333
0 0.471406 0.972632 0.105625 0.054736
0 0.625164 0.868951 0.114469 0.167431
0 0.253914 0.949507 0.100422 0.100986
0 0.371840 0.512319 0.040148 0.047722
0 0.273977 0.491354 0.035125 0.042375
0 0.319520 0.480646 0.036383 0.032569
0 0.424316 0.560951 0.052336 0.069208
0 0.248453 0.403014 0.025594 0.025917
0 0.709703 0.551840 0.060687 0.062014
0 0.565293 0.478840 0.051898 0.052153
0 0.682031 0.497563 0.052500 0.052875
0 0.778430 0.655236 0.084578 0.071583
0 0.332496 0.536979 0.043039 0.062375
0 0.301055 0.650069 0.051656 0.093056
0 0.213949 0.397118 0.027867 0.026208
0 0.821996 0.559021 0.068773 0.055764
0 0.506762 0.426715 0.099867 0.080736
