0 0.286566 0.405979 0.022633 0.028181
0 0.364559 0.435660 0.036305 0.031625
0 0.384586 0.425549 0.018031 0.021292
0 0.429359 0.423938 0.030609 0.025819
0 0.514855 0.440500 0.045258 0.046472
0 0.832441 0.550903 0.079039 0.073611
0 0.972617 0.729986 0.054766 0.127528
0 0.626020 0.499549 0.052102 0.053181
0 0.491508 0.462472 0.038531 0.040222
0 0.532348 0.674667 0.070008 0.105194
0 0.499820 0.556868 0.065250 0.073042
0 0.595125 0.528715 0.048922 0.060597
0 0.722699 0.548438 0.064523 0.070153
0 0.837629 0.619938 0.088961 0.078208
0 0.290625 0.600035 0.079844 0.171181
0 0.341883 0.544910 0.038109 0.063986
0 0.249492 0.517583 0.046016 0.075389
0 0.353422 0.465382 0.048797 0.066292
0 0.440617 0.581764 0.052109 0.067083
0 0.447813 0.457743 0.046500 0.048264
0 0.253152 0.458354 0.031617 0.036569
0 0.243547 0.431361 0.035813 0.030333
0 0.177234 0.393604 0.015250 0.013764
0 0.199199 0.400056 0.025289 0.021944
0 0.216801 0.398875 0.009680 0.020861
0 0.325109 0.419312 0.027594 0.029042
